OGLR (Основные гармоники лунных резонансов)
n	frequency_Hz	abs_amplitude	rel_amplitude	entropy
1	38.837925	0.341878	0.999675	3.044522
2	67.269259	0.341878	0.999892	3.044522
3	95.133098	0.341878	0.999946	3.044522
4	122.816302	0.341878	0.999968	3.044522
5	150.418636	0.341878	0.999978	3.044522

MoonRiver_Quaternion dynamic tensors (t=1.0, axis=(0,0,1))
n=1
0.540302	-0.841471	0.000000
0.841471	0.540302	0.000000
0.000000	0.000000	1.000000

n=2
-0.416147	-0.909297	0.000000
0.909297	-0.416147	0.000000
0.000000	0.000000	1.000000

n=3
-0.989992	-0.141120	0.000000
0.141120	-0.989992	0.000000
0.000000	0.000000	1.000000

n=4
-0.653644	0.756802	0.000000
-0.756802	-0.653644	0.000000
0.000000	0.000000	1.000000

n=5
0.283662	0.958924	0.000000
-0.958924	0.283662	0.000000
0.000000	0.000000	1.000000

